 1.00000E+00 5.22617E-01 6.24118E-01 5.32000E-01 4.92735E-01
 1.05051E+00 5.11046E-01 6.12241E-01 5.20773E-01 4.80859E-01
 1.10101E+00 4.99368E-01 6.00139E-01 5.09762E-01 4.68889E-01
 1.15152E+00 4.87593E-01 5.87819E-01 4.98019E-01 4.56838E-01
 1.20202E+00 4.75731E-01 5.75289E-01 4.86524E-01 4.44716E-01
 1.25253E+00 4.63795E-01 5.62559E-01 4.74781E-01 4.32536E-01
 1.30303E+00 4.51795E-01 5.49640E-01 4.63286E-01 4.20311E-01
 1.35354E+00 4.39744E-01 5.36543E-01 4.51541E-01 4.08055E-01
 1.40404E+00 4.27656E-01 5.23281E-01 4.40004E-01 3.95782E-01
 1.45455E+00 4.15543E-01 5.09869E-01 4.27743E-01 3.83505E-01
 1.50505E+00 4.03419E-01 4.96322E-01 4.15807E-01 3.71241E-01
 1.55556E+00 3.91299E-01 4.82655E-01 4.04061E-01 3.59005E-01
 1.60606E+00 3.79198E-01 4.68887E-01 3.92502E-01 3.46812E-01
 1.65657E+00 3.67130E-01 4.55036E-01 3.80239E-01 3.34679E-01
 1.70707E+00 3.55112E-01 4.41122E-01 3.68250E-01 3.22622E-01
 1.75758E+00 3.43157E-01 4.27164E-01 3.55986E-01 3.10657E-01
 1.80808E+00 3.31283E-01 4.13185E-01 3.44082E-01 2.98801E-01
 1.85859E+00 3.19503E-01 3.99205E-01 3.32334E-01 2.87069E-01
 1.90909E+00 3.07835E-01 3.85250E-01 3.20838E-01 2.75480E-01
 1.95960E+00 2.96293E-01 3.71340E-01 3.09089E-01 2.64047E-01
 2.01010E+00 2.84892E-01 3.57501E-01 2.97593E-01 2.52787E-01
 2.06061E+00 2.73648E-01 3.43756E-01 2.85842E-01 2.41716E-01
 2.11111E+00 2.62573E-01 3.30129E-01 2.74465E-01 2.30847E-01
 2.16162E+00 2.51683E-01 3.16645E-01 2.63230E-01 2.20194E-01
 2.21212E+00 2.40991E-01 3.03326E-01 2.52357E-01 2.09772E-01
 2.26263E+00 2.30509E-01 2.90196E-01 2.41638E-01 1.99592E-01
 2.31313E+00 2.20248E-01 2.77278E-01 2.31271E-01 1.89665E-01
 2.36364E+00 2.10221E-01 2.64593E-01 2.21067E-01 1.80003E-01
 2.41414E+00 2.00436E-01 2.52162E-01 2.11051E-01 1.70614E-01
 2.46465E+00 1.90904E-01 2.40004E-01 2.00848E-01 1.61507E-01
 2.51515E+00 1.81631E-01 2.28139E-01 1.91159E-01 1.52689E-01
 2.56566E+00 1.72626E-01 2.16581E-01 1.81985E-01 1.44166E-01
 2.61616E+00 1.63893E-01 2.05348E-01 1.72958E-01 1.35942E-01
 2.66667E+00 1.55439E-01 1.94451E-01 1.63786E-01 1.28022E-01
 2.71717E+00 1.47267E-01 1.83902E-01 1.55130E-01 1.20407E-01
 2.76768E+00 1.39380E-01 1.73711E-01 1.46986E-01 1.13098E-01
 2.81818E+00 1.31779E-01 1.63886E-01 1.39147E-01 1.06097E-01
 2.86869E+00 1.24465E-01 1.54432E-01 1.31518E-01 9.94002E-02
 2.91919E+00 1.17437E-01 1.45353E-01 1.24185E-01 9.30069E-02
 2.96970E+00 1.10695E-01 1.36651E-01 1.17071E-01 8.69134E-02
 3.02020E+00 1.04237E-01 1.28327E-01 1.10244E-01 8.11156E-02
 3.07071E+00 9.80577E-02 1.20379E-01 1.03645E-01 7.56084E-02
 3.12121E+00 9.21550E-02 1.12803E-01 9.73951E-02 7.03859E-02
 3.17172E+00 8.65238E-02 1.05595E-01 9.14628E-02 6.54414E-02
 3.22222E+00 8.11588E-02 9.87486E-02 8.58014E-02 6.07679E-02
 3.27273E+00 7.60541E-02 9.22567E-02 8.03825E-02 5.63576E-02
 3.32323E+00 7.12034E-02 8.61107E-02 7.52553E-02 5.22021E-02
 3.37374E+00 6.65997E-02 8.03012E-02 7.03998E-02 4.82928E-02
 3.42424E+00 6.22359E-02 7.48178E-02 6.57803E-02 4.46209E-02
 3.47475E+00 5.81045E-02 6.96498E-02 6.13859E-02 4.11772E-02
 3.52525E+00 5.41975E-02 6.47855E-02 5.72253E-02 3.79523E-02
 3.57576E+00 5.05071E-02 6.02131E-02 5.32912E-02 3.49369E-02
 3.62626E+00 4.70252E-02 5.59205E-02 4.96199E-02 3.21213E-02
 3.67677E+00 4.37435E-02 5.18953E-02 4.61950E-02 2.94963E-02
 3.72727E+00 4.06539E-02 4.81251E-02 4.29466E-02 2.70524E-02
 3.77778E+00 3.77482E-02 4.45976E-02 3.98793E-02 2.47805E-02
 3.82828E+00 3.50182E-02 4.13004E-02 3.69893E-02 2.26712E-02
 3.87879E+00 3.24559E-02 3.82215E-02 3.42785E-02 2.07159E-02
 3.92929E+00 3.00534E-02 3.53490E-02 3.17155E-02 1.89056E-02
 3.97980E+00 2.78024E-02 3.26708E-02 2.93102E-02 1.72317E-02
 4.03030E+00 2.56930E-02 3.01730E-02 2.70894E-02 1.56846E-02
 4.08081E+00 2.37074E-02 2.78327E-02 2.50381E-02 1.42499E-02
 4.13131E+00 2.18023E-02 2.55974E-02 2.29338E-02 1.28986E-02
 4.18182E+00 1.98678E-02 2.33373E-02 2.08902E-02 1.15634E-02
 4.23232E+00 1.76651E-02 2.07715E-02 1.81876E-02 1.01067E-02
 4.28283E+00 1.48339E-02 1.74733E-02 1.54371E-02 8.33260E-03
 4.33333E+00 1.12116E-02 1.32397E-02 1.13117E-02 6.17586E-03
 4.38384E+00 7.36879E-03 8.72686E-03 7.68430E-03 3.97939E-03
 4.43434E+00 4.28204E-03 5.08574E-03 4.53030E-03 2.26887E-03
 4.48485E+00 2.32702E-03 2.77160E-03 2.49850E-03 1.21079E-03
 4.53535E+00 1.24742E-03 1.49016E-03 1.36086E-03 6.37640E-04
 4.58586E+00 6.81031E-04 8.16207E-04 7.37268E-04 3.42029E-04
 4.63636E+00 3.84177E-04 4.62094E-04 4.17938E-04 1.89554E-04
 4.68687E+00 2.24980E-04 2.71687E-04 2.41129E-04 1.09041E-04
 4.73737E+00 1.36776E-04 1.65894E-04 1.46654E-04 6.51092E-05
 4.78788E+00 8.61503E-05 1.04986E-04 9.08622E-05 4.02723E-05
 4.83838E+00 5.60635E-05 6.86702E-05 5.91439E-05 2.57330E-05
 4.88889E+00 3.75827E-05 4.62852E-05 3.91025E-05 1.69359E-05
 4.93939E+00 2.58777E-05 3.20546E-05 2.68975E-05 1.14476E-05
 4.98990E+00 1.82526E-05 2.27476E-05 1.87101E-05 7.92584E-06
 5.04040E+00 1.31555E-05 1.65003E-05 1.34796E-05 5.60713E-06
 5.09091E+00 9.66735E-06 1.22063E-05 9.79688E-06 4.04430E-06
 5.14141E+00 7.22870E-06 9.19038E-06 7.32171E-06 2.96822E-06
 5.19192E+00 5.49026E-06 7.02999E-06 5.50549E-06 2.21278E-06
 5.24242E+00 4.22882E-06 5.45445E-06 4.24311E-06 1.67300E-06
 5.29293E+00 3.29860E-06 4.28646E-06 3.28557E-06 1.28107E-06
 5.34343E+00 2.60248E-06 3.40759E-06 2.59524E-06 9.92287E-07
 5.39394E+00 2.07453E-06 2.73722E-06 2.05662E-06 7.76659E-07
 5.44444E+00 1.66920E-06 2.21949E-06 1.65714E-06 6.13683E-07
 5.49495E+00 1.35451E-06 1.81507E-06 1.33830E-06 4.89124E-07
 5.54545E+00 1.10769E-06 1.49586E-06 1.09610E-06 3.92953E-07
 5.59596E+00 9.12275E-07 1.24150E-06 8.99135E-07 3.18004E-07
 5.64646E+00 7.56236E-07 1.03703E-06 7.47304E-07 2.59090E-07
 5.69697E+00 6.30644E-07 8.71345E-07 6.21820E-07 2.12412E-07
 5.74747E+00 5.28821E-07 7.36088E-07 5.22909E-07 1.75157E-07
 5.79798E+00 4.45709E-07 6.24915E-07 4.40027E-07 1.45220E-07
 5.84848E+00 3.77443E-07 5.32958E-07 3.74582E-07 1.21009E-07
 5.89899E+00 3.21044E-07 4.56449E-07 3.19023E-07 1.01314E-07
 5.94949E+00 2.74193E-07 3.92443E-07 2.73786E-07 8.52027E-08
 6.00000E+00 2.35074E-07 3.38624E-07 2.35000E-07 7.19533E-08
