 1.00000E+00 2.29219E-04 4.41348E-04 2.60000E-04 1.91416E-04
 1.05051E+00 2.13667E-04 4.06861E-04 2.43313E-04 1.78357E-04
 1.10101E+00 1.99163E-04 3.75066E-04 2.27687E-04 1.66171E-04
 1.15152E+00 1.85637E-04 3.45753E-04 2.12568E-04 1.54799E-04
 1.20202E+00 1.73023E-04 3.18729E-04 1.98461E-04 1.44187E-04
 1.25253E+00 1.61259E-04 2.93814E-04 1.85451E-04 1.34285E-04
 1.30303E+00 1.50288E-04 2.70846E-04 1.73289E-04 1.25047E-04
 1.35354E+00 1.40057E-04 2.49671E-04 1.61853E-04 1.16427E-04
 1.40404E+00 1.30517E-04 2.30150E-04 1.51182E-04 1.08386E-04
 1.45455E+00 1.21620E-04 2.12154E-04 1.41323E-04 1.00885E-04
 1.50505E+00 1.13323E-04 1.95563E-04 1.32085E-04 9.38874E-05
 1.55556E+00 1.05587E-04 1.80269E-04 1.23269E-04 8.73606E-05
 1.60606E+00 9.83727E-05 1.66169E-04 1.15031E-04 8.12733E-05
 1.65657E+00 9.16458E-05 1.53171E-04 1.07261E-04 7.55964E-05
 1.70707E+00 8.53732E-05 1.41189E-04 9.99886E-05 7.03025E-05
 1.75758E+00 7.95245E-05 1.30143E-04 9.30528E-05 6.53662E-05
 1.80808E+00 7.40711E-05 1.19960E-04 8.66186E-05 6.07639E-05
 1.85859E+00 6.89864E-05 1.10573E-04 8.07293E-05 5.64734E-05
 1.90909E+00 6.42455E-05 1.01919E-04 7.52317E-05 5.24738E-05
 1.95960E+00 5.98254E-05 9.39419E-05 7.00718E-05 4.87460E-05
 2.01010E+00 5.57043E-05 8.65880E-05 6.52531E-05 4.52718E-05
 2.06061E+00 5.18623E-05 7.98088E-05 6.07176E-05 4.20343E-05
 2.11111E+00 4.82804E-05 7.35594E-05 5.65012E-05 3.90179E-05
 2.16162E+00 4.49412E-05 6.77985E-05 5.25903E-05 3.62078E-05
 2.21212E+00 4.18284E-05 6.24878E-05 4.89354E-05 3.35903E-05
 2.26263E+00 3.89266E-05 5.75923E-05 4.54915E-05 3.11525E-05
 2.31313E+00 3.62217E-05 5.30793E-05 4.23046E-05 2.88824E-05
 2.36364E+00 3.37004E-05 4.89192E-05 3.93798E-05 2.67689E-05
 2.41414E+00 3.13504E-05 4.50842E-05 3.66326E-05 2.48016E-05
 2.46465E+00 2.91600E-05 4.15490E-05 3.40183E-05 2.29706E-05
 2.51515E+00 2.71187E-05 3.82901E-05 3.15912E-05 2.12668E-05
 2.56566E+00 2.52162E-05 3.52860E-05 2.93390E-05 1.96818E-05
 2.61616E+00 2.34433E-05 3.25167E-05 2.72476E-05 1.82076E-05
 2.66667E+00 2.17912E-05 2.99639E-05 2.53054E-05 1.68367E-05
 2.71717E+00 2.02518E-05 2.76107E-05 2.34982E-05 1.55623E-05
 2.76768E+00 1.88174E-05 2.54414E-05 2.18140E-05 1.43778E-05
 2.81818E+00 1.74811E-05 2.34417E-05 2.02603E-05 1.32773E-05
 2.86869E+00 1.62362E-05 2.15983E-05 1.88336E-05 1.22550E-05
 2.91919E+00 1.50766E-05 1.98991E-05 1.74908E-05 1.13057E-05
 2.96970E+00 1.39964E-05 1.83327E-05 1.62185E-05 1.04245E-05
 3.02020E+00 1.29904E-05 1.68887E-05 1.50280E-05 9.60671E-06
 3.07071E+00 1.20535E-05 1.55577E-05 1.39100E-05 8.84810E-06
 3.12121E+00 1.11811E-05 1.43307E-05 1.28960E-05 8.14466E-06
 3.17172E+00 1.03689E-05 1.31997E-05 1.19828E-05 7.49261E-06
 3.22222E+00 9.61272E-06 1.21571E-05 1.11084E-05 6.88846E-06
 3.27273E+00 8.90885E-06 1.11960E-05 1.02674E-05 6.32895E-06
 3.32323E+00 8.25377E-06 1.03101E-05 9.49271E-06 5.81100E-06
 3.37374E+00 7.64416E-06 9.49341E-06 8.77946E-06 5.33178E-06
 3.42424E+00 7.07698E-06 8.74064E-06 8.11923E-06 4.88859E-06
 3.47475E+00 6.54936E-06 8.04674E-06 7.50810E-06 4.47896E-06
 3.52525E+00 6.05862E-06 7.40711E-06 6.94192E-06 4.10054E-06
 3.57576E+00 5.60228E-06 6.81752E-06 6.41747E-06 3.75119E-06
 3.62626E+00 5.17801E-06 6.27406E-06 5.92680E-06 3.42887E-06
 3.67677E+00 4.78367E-06 5.77312E-06 5.46868E-06 3.13164E-06
 3.72727E+00 4.41721E-06 5.31138E-06 5.04474E-06 2.85776E-06
 3.77778E+00 4.07677E-06 4.88580E-06 4.65271E-06 2.60556E-06
 3.82828E+00 3.76055E-06 4.49350E-06 4.28940E-06 2.37353E-06
 3.87879E+00 3.46698E-06 4.13195E-06 3.95322E-06 2.16016E-06
 3.92929E+00 3.19447E-06 3.79869E-06 3.64010E-06 1.96414E-06
 3.97980E+00 2.94159E-06 3.49155E-06 3.34960E-06 1.78419E-06
 4.03030E+00 2.70705E-06 3.20850E-06 3.08294E-06 1.61914E-06
 4.08081E+00 2.48958E-06 2.94764E-06 2.83792E-06 1.46785E-06
 4.13131E+00 2.28802E-06 2.70724E-06 2.60741E-06 1.32937E-06
 4.18182E+00 2.10132E-06 2.48569E-06 2.39285E-06 1.20269E-06
 4.23232E+00 1.92840E-06 2.28155E-06 2.19330E-06 1.08693E-06
 4.28283E+00 1.76836E-06 2.09344E-06 2.00905E-06 9.81234E-07
 4.33333E+00 1.62030E-06 1.92011E-06 1.84065E-06 8.84826E-07
 4.38384E+00 1.48337E-06 1.76037E-06 1.68654E-06 7.96972E-07
 4.43434E+00 1.35677E-06 1.61314E-06 1.54175E-06 7.16985E-07
 4.48485E+00 1.23977E-06 1.47741E-06 1.40785E-06 6.44217E-07
 4.53535E+00 1.13164E-06 1.35222E-06 1.28779E-06 5.78066E-07
 4.58586E+00 1.03174E-06 1.23670E-06 1.17882E-06 5.17975E-07
 4.63636E+00 9.39435E-07 1.13006E-06 1.07282E-06 4.63426E-07
 4.68687E+00 8.54173E-07 1.03156E-06 9.74134E-07 4.13945E-07
 4.73737E+00 7.75442E-07 9.40547E-07 8.83780E-07 3.69104E-07
 4.78788E+00 7.02782E-07 8.56451E-07 8.01565E-07 3.28512E-07
 4.83838E+00 6.35787E-07 7.78762E-07 7.25112E-07 2.91816E-07
 4.88889E+00 5.74091E-07 7.07030E-07 6.55411E-07 2.58697E-07
 4.93939E+00 5.17366E-07 6.40862E-07 5.90292E-07 2.28864E-07
 4.98990E+00 4.65314E-07 5.79909E-07 5.31105E-07 2.02052E-07
 5.04040E+00 4.17657E-07 5.23851E-07 4.76091E-07 1.78013E-07
 5.09091E+00 3.74134E-07 4.72395E-07 4.26380E-07 1.56517E-07
 5.14141E+00 3.34492E-07 4.25265E-07 3.80914E-07 1.37347E-07
 5.19192E+00 2.98486E-07 3.82196E-07 3.40110E-07 1.20301E-07
 5.24242E+00 2.65873E-07 3.42931E-07 3.02768E-07 1.05184E-07
 5.29293E+00 2.36416E-07 3.07218E-07 2.69372E-07 9.18161E-08
 5.34343E+00 2.09883E-07 2.74813E-07 2.39037E-07 8.00250E-08
 5.39394E+00 1.86045E-07 2.45475E-07 2.12029E-07 6.96510E-08
 5.44444E+00 1.64682E-07 2.18973E-07 1.87139E-07 6.05454E-08
 5.49495E+00 1.45581E-07 1.95081E-07 1.65059E-07 5.25703E-08
 5.54545E+00 1.28539E-07 1.73584E-07 1.45520E-07 4.55994E-08
 5.59596E+00 1.13366E-07 1.54277E-07 1.28287E-07 3.95174E-08
 5.64646E+00 9.98806E-08 1.36967E-07 1.13015E-07 3.42196E-08
 5.69697E+00 8.79156E-08 1.21471E-07 9.95546E-08 2.96115E-08
 5.74747E+00 7.73157E-08 1.07619E-07 8.75013E-08 2.56086E-08
 5.79798E+00 6.79381E-08 9.52540E-08 7.68964E-08 2.21354E-08
 5.84848E+00 5.96520E-08 8.42300E-08 6.74475E-08 1.91246E-08
 5.89899E+00 5.23387E-08 7.44133E-08 5.91551E-08 1.65169E-08
 5.94949E+00 4.58903E-08 6.56812E-08 5.18238E-08 1.42599E-08
 6.00000E+00 4.02097E-08 5.79220E-08 4.54000E-08 1.23077E-08
